14
0  0  0  0  0  0  46 0  0  0  0  0  21 75
0  0  0  0  0  0  7  0  0  0  0  7  44 92
0  0  0  0  0  0  17 0  0  0  12 38 30 0
0  0  0  0  0  0  82 0  0  4  56 2  0  0
0  0  0  0  0  0  54 0  38 80 7  0  0  0
0  0  0  0  0  0  17 17 21 56 0  0  0  0
0  0  0  0  0  0  79 33 45 0  0  0  0  0
0  0  0  0  0  15 92 88 0  0  0  0  0  0
0  0  0  0  9  54 15 0  0  0  0  0  0  0
0  0  0  37 8  28 67 0  0  0  0  0  0  0
0  0  23 89 10 0  70 0  0  0  0  0  0  0
0  13 5  77 0  0  36 0  0  0  0  0  0  0
1  40 62 0  0  0  25 0  0  0  0  0  0  0
96 45 0  0  0  0  44 0  0  0  0  0  0  0

8  56 12 33 17 29 71 1  16 57 28 16 5  93